25.1224592 14.63811724
34.90548616 24.80850076
34.71028722 34.09918009
14.9580404 17.28628039
79.13607282 52.90643116
22.63592454 18.80103042
50.6121167 59.2963561
42.24021592 12.60869565
15.78269317 13.38890441
12.58381111 34.64050592
38.32026903 35.6248266
62.03101113 76.2651533
60.73766162 46.22856223
38.4117963 35.8610613
85.5370186 72.00985789
19.22387424 16.59459774
34.52381641 18.97693033
32.78577525 25.21992818
36.7071525 19.27536232
20.95093998 38.64634737
40.36569345 34.04745124
31.98357283 36.13777716
88.79892038 56.52173913
31.30607399 42.19156202
22.64150414 26.72528179
12.58912266 33.61822522
9.345165184 21.9075058
30.17633943 29.06782142
32.39111198 35.86469537
86.50319043 66.88414746
51.87421874 74.37309624
24.72411006 11.6457323
23.92187027 18.43553163
29.52516478 33.94830094
30.99332793 20.78955008
37.82250122 33.79540272
56.49075795 72.08190034
7.557354926 39.42028986
85.84831712 48.3718244
80.48331342 49.17880732
33.17875532 24.02128052
11.06612686 31.73913043
30.39957194 26.56895629
13.76518219 35.79710145
35.9350047 31.29963323
16.76163544 23.05407283
30.39045905 25.45615318
16.04283144 26.30087785
39.9209432 22.16229538
85.42510121 10
34.79235562 28.80162108
27.36320496 26.83781249
32.35572907 17.46656983
38.22587903 28.94405139
16.85862885 17.91205712
82.91837329 83.51577855
45.00485764 61.56266483
37.57269258 24.07753147
25.05406886 39.69716756
18.61668115 37.65096319
32.33973662 33.4925229
23.1260594 25.13924308
75.83426449 57.29935092
38.82165645 19.45874347
66.92671659 47.6299649
12.94234935 37.39825043
50.48312416 54.81274064
21.95026137 41.56141439
47.27271977 56.65807819
38.5595318 21.42720145
23.88538015 16.04252553
76.16996671 48.2608694
83.70328681 71.59193035
47.36842105 72.46376812
18.80442893 12.29668503
16.74967976 35.72333173
75.86725156 55.64067337
11.28823845 17.81001607
23.47967508 26.46645201
19.04117353 26.59962694
24.84272378 39.9087283
13.45026692 18.97458291
24.99603456 35.6653111
28.22912541 23.53063553
15.99922951 22.11619765
37.1823126 23.20656769
25.8219555 19.56064761
36.488911 24.54048969
13.31974616 28.42981665
27.85913328 34.75816711
96.25392363 76.0714437
35.39972594 29.16806159
9.48129939 21.03081004
68.81138842 92.3363852
25.81187 11.92715871
23.87928112 27.76968054
19.28961781 41.80084622
22.83267664 28.81285688
13.10424513 17.38833924
25.0041173 13.52729072
21.00251382 39.396036
29.99037523 16.78604422
69.81993986 49.31267535
53.08256647 90.82089193
38.68719917 38.06550608
30.19103113 43.71981071
34.2845573 20.80101592
19.52508087 21.61413013
47.72527708 57.75427641
78.16077788 81.49841625
30.98736372 43.07741053
83.78274517 84.7585259
50.36045561 66.86516227
21.93114916 37.86985641
29.67916628 11.28334011
11.86404847 34.64568031
18.50489916 24.59643148
29.18168357 33.55520831
35.12005704 42.01381828
77.73096697 48.77619872
44.2237953 73.10151021
63.84775191 94.29512687
34.81560944 39.47875504
33.35078821 23.39021157
34.67576997 25.11992619
87.40800707 82.62371368
14.29155657 17.67426083
86.87073113 53.1683819
29.4524408 37.63411049
77.70586401 92.2196267
24.1639918 35.75824614
31.39490926 15.20176974
10.53692662 34.57507489
67.37403043 44.36795763
34.2780027 16.08695652
30.15313168 26.67287387
17.20847978 38.59719628
61.90555855 84.12923541
15.93069101 17.59439431
41.08791557 22.75178807
34.06982698 29.67718919
23.3282133 18.17359869
45.23475774 61.99666721
48.27336973 66.05699375
66.33323994 83.16975351
45.61774717 71.68859938
27.94963536 31.17665535
22.14067277 22.42110159
11.08075876 26.45874254
35.8974359 17.97101449
28.99980355 17.48483775
18.99570871 13.37747027
38.05668016 19.42028986
13.40474271 20.48179556
25.84011887 29.43709286
10.25641026 66.95652174
15.72243949 24.6127792
75.85099355 59.00212725
16.64264349 37.72895045
58.2653231 79.99562122
33.19838057 13.62318841
50.18507895 73.89055497
37.60064256 34.07241295
30.4722919 12.98639653
25.06611371 19.50664134
9.261185535 21.16315359
28.7379723 24.349778
76.33472264 45.3213147
78.81241565 67.68115942
24.96833428 19.17861155
32.34493162 24.988444
34.60535001 40.21189385
29.37383326 25.87904291
62.23949357 93.43012819
93.67479499 71.59942457
26.83988584 14.34030459
21.5215609 28.49340557
21.15677491 33.29940259
56.92482952 93.50231548
24.67052173 16.36027057
18.85278374 42.98112191
67.7580343 71.87559881
98.07771094 72.05005046
13.00523118 28.60272915
37.55922405 38.05303486
32.4233667 42.75239098
14.58595275 40.98203488
48.60072243 57.83910335
72.0246196 87.71448822
76.25143958 60.0406023
38.96425946 29.7263998
65.34768569 87.62997512
20.62046892 28.31464717
9.648128386 33.2764027
36.2424075 14.5339058
77.53015789 94.39724781
31.71390013 91.15942029
34.3847365 30.74880222
47.14485287 76.26343875
61.68867892 88.47255419
27.54605469 21.26849698
34.64803657 30.46181637
12.4784954 36.60337325
68.3608011 69.09875051
51.81120558 77.2770084
20.9406729 37.45635707
23.78187294 27.14824794
65.96328333 93.23756531
67.7462888 5.362318841
70.09569407 54.73426808
86.03755335 50.30360845
93.1767113 85.46148936
35.45815306 41.07716169
11.27464912 27.82775399
51.50350028 56.59031832
75.57180076 79.45311418
38.00207722 31.39245983
28.77855832 12.91494873
31.06515302 14.28507604
33.70471651 33.48892455
23.49165457 15.44440805
22.46769391 18.02924417
49.04508633 58.44974423
33.27156138 34.28342064
25.99328059 30.33705197
41.47373395 25.77700176
65.22774128 85.40348665
22.87302551 23.28237567
31.02433316 26.69144553
89.47368421 59.13043478
56.27530364 88.26086957
82.72604588 50.43478261
36.27798058 34.00099256
15.43704053 26.71987418
52.76681598 81.01232619
60.45224315 61.99017298
12.53163676 36.03910385
25.63618978 16.98183556
61.6345221 48.32741304
12.79304875 27.96005934
27.6789202 24.44595177
49.77278058 64.3326277
82.42469337 53.4329219
27.70558649 11.64130314
58.73976539 86.08391099
18.98029787 18.5131458
94.13204687 55.66670691
37.87603003 17.00504502
85.35132748 54.36325033
94.81567162 82.80255196
46.92793643 59.7741226
44.96990142 63.0384635
12.27205649 28.98546604
73.07652239 52.04619352
35.99013064 15.25249185
75.07409553 62.06974592
56.90835075 63.68531052
9.736152542 23.52777937
81.78137652 61.15942029
8.926303903 28.28743138
16.35552327 30.41912771
61.57319657 94.86184605
71.94787298 73.71867959
14.78799966 31.68288961
13.63022942 39.56521739
24.88712624 41.47391039
62.12883372 67.72537235
78.48555474 79.22014624
12.47924254 24.36602351
16.43466154 16.91652086
35.70950119 40.85673566
36.23795943 34.37393236
12.57694596 25.69967064
80.89299908 55.0443207
22.49766077 24.615863
26.11938135 16.60377089
95.1417004 63.76811594
12.05029326 28.25806576
59.55085426 54.14294689
80.82532026 55.58085753
95.41160594 32.02898551
27.22032672 16.92236496
29.55076995 23.23900686
10.77211632 29.56327952
67.58429238 57.08435027
83.0731857 45.62139083
15.23945316 21.98902146
86.23481781 9.130434783
25.19257005 29.65282573
16.97608066 28.45775201
32.46990921 39.20863767
17.92227961 17.51290255
53.71120108 84.49275362
85.03887625 86.99768715
70.44453405 47.32419166
47.40749275 57.8693406
37.65594778 32.77438932
15.06949623 37.00741598
12.01482104 29.38521777
70.19483505 59.63027781
33.79734066 35.01261172
13.81459437 22.87326868
26.1103865 40.54296539
19.28240759 13.20611231
94.28831615 72.2604787
29.28137249 26.2232224
32.56554663 34.40174288
33.76710839 17.37875124
13.01118358 37.87886312
11.1921727 17.52429554
20.46707831 42.28502726
90.39412749 75.7904183
18.31866735 28.71155762
76.64302704 85.19765996
86.90958165 91.73913043
23.6166764 12.84628474
61.33401544 46.56297094
28.18628424 30.9059108
70.31072488 82.94601038
23.1829272 32.88237259
56.46125369 73.34380081
24.70226774 34.92771497
60.25727687 85.51358208
79.09420089 76.55482192
33.51998159 38.67678087
39.13630229 23.33333333
38.27809828 18.27623181
